0.000412711514651259
0.00134131242261659
0.00103177878662815
0.000825423029302517
0.000309533635988444
0.00206355757325629
0.00598431696244325
0.000825423029302517
0
0
0
0.000412711514651259
0.000722245150639703
0
0.000103177878662815
0
0
0
0.050660338423442
0
0.000412711514651259
0.000515889393314073
0.000103177878662815
0.00484936029715229
0.0103177878662815
0.00206355757325629
0.000206355757325629
0.0109368551382584
0.0321914981427982
0.0368345026826248
0.000309533635988444
0.00237309120924474
0
0
0.000309533635988444
0.000206355757325629
0
0.000412711514651259
0.000103177878662815
0.000206355757325629
0.000206355757325629
0
0.000206355757325629
0.000722245150639703
0
0.000309533635988444
0.000309533635988444
0.000103177878662815
0.000206355757325629
0.00134131242261659
0.00175402393726785
0.00175402393726785
0
0
0
0
0
0
0.000309533635988444
0.000309533635988444
0.00123813454395378
0.000206355757325629
0.000206355757325629
0.00299215848122163
0.000103177878662815
0.00165084605860504
0
0
0.000825423029302518
0
0
0.000103177878662815
0.00103177878662815
0.0411679735864631
0.0146512587701197
0.000103177878662815
0.00196037969459348
0
0.000206355757325629
0.0521048287247214
0.000206355757325629
0.000928600907965332
0.0192942633099463
0.000206355757325629
0.000206355757325629
0.00113495666529096
0
0.000412711514651259
0.000722245150639703
0
0.000515889393314073
0.0323978539001238
0.00650020635575733
0.0308501857201816
0.000309533635988444
0.0148576145274453
0.0853281056541478
0
0.00154766817994222
0.00804787453569955
0.000103177878662815
0.000206355757325629
0.000412711514651259
0.0102146099876187
0
0.000309533635988444
0.000928600907965332
0.000206355757325629
0
0.000722245150639703
0.16054477919934
0.000206355757325629
0
0.000412711514651259
0.000309533635988444
0.000103177878662815
0.000103177878662815
0.00319851423854726
0.000103177878662815
0
0.000103177878662815
0
0.000206355757325629
0.000103177878662815
0
0
0.000103177878662815
0
0.000309533635988444
0.000412711514651259
0.000825423029302518
0.00123813454395378
0
0.00123813454395378
0
0
0.00196037969459348
0.0238340899711102
0.00165084605860504
0.00319851423854726
0
0.000103177878662815
0.000103177878662815
0.000206355757325629
0.000103177878662815
0
0.000206355757325629
0.000309533635988444
0.000928600907965332
0.000619067271976888
0
0
0
0.000103177878662815
0
0.000103177878662815
0.00154766817994222
0.0163021048287247
0.00639702847709451
0
0.000309533635988444
0.000825423029302518
0.000722245150639703
0.00381758151052414
0
0.00103177878662815
0
0
0
0.000309533635988444
0
0
0.000825423029302518
0
0.000309533635988444
0.000722245150639703
0.000309533635988444
0
0
0
0
0.000206355757325629
0.000722245150639703
0
0.000825423029302518
0.000206355757325629
0.0163021048287247
0.00660338423442014
0.0286834502682625
0.00484936029715229
0.000309533635988444
0.00123813454395378
0.0160957490713991
0.069026000825423
0.0277548493602972
0
0.000103177878662815
0
0
0.00123813454395378
0
0
0.00299215848122163
0
0.0179529508873298
0.000103177878662815
0.00216673545191911
0
0
0.00154766817994222
0.00165084605860504
0.0161989269500619
0.00113495666529096
0.000103177878662815
0
0
0.0142385472554684
0.000825423029302518
0
0.000412711514651259
0.0035080478745357
0.000412711514651259
0.0062938505984317
