0.0031055900621118
0.00225861095426313
0.0286561264822134
0.00635234330886505
0.000846979107848673
0.00225861095426313
0.00169395821569735
0.000705815923207228
0
0.000141163184641446
0
0
0
0
0
0
0.000423489553924337
0
0.0238565782044043
0
0.000564652738565782
0.000141163184641446
0
0.0289384528514963
0.0031055900621118
0.00677583286278938
0.00127046866177301
0.0306324110671937
0.000846979107848673
0.0671936758893281
0
0.000705815923207228
0
0
0
0.000141163184641446
0
0
0.000141163184641446
0
0
0.000423489553924337
0
0.0124223602484472
0
0.000141163184641446
0
0
0
0
0
0.000141163184641446
0
0.00183512140033879
0
0
0.00409373235460192
0
0
0
0.0176453980801807
0
0
0.00705815923207228
0.000141163184641446
0.00522303783173348
0.000423489553924337
0
0
0
0
0
0
0.0772162619988707
0.0302089215132693
0
0
0
0
0.000141163184641446
0.0128458498023715
0
0.0290796160361378
0
0
0.000705815923207228
0
0
0.00112930547713156
0
0
0.025974025974026
0.00169395821569735
0.000564652738565782
0
0.00282326369282891
0.0463015245623941
0
0
0
0
0
0
0
0.000141163184641446
0.000846979107848673
0.000846979107848673
0
0
0
0.038961038961039
0
0
0
0.00677583286278938
0
0.000141163184641446
0
0
0
0
0
0
0.00141163184641446
0
0
0
0
0
0.000423489553924337
0.000423489553924337
0.000988142292490119
0.000141163184641446
0.00945793337097685
0.0031055900621118
0
0.000564652738565782
0.0173630717108978
0.0214568040654997
0.00112930547713156
0.000141163184641446
0.000141163184641446
0
0
0
0.00748164878599661
0
0
0.00127046866177301
0.000282326369282891
0.000141163184641446
0.000423489553924337
0.000423489553924337
0.000141163184641446
0
0.0015527950310559
0.0114342179559571
0.00197628458498024
0.00225861095426313
0.000141163184641446
0.00169395821569735
0
0.000705815923207228
0.00536420101637493
0
0
0
0
0.000564652738565782
0
0.000141163184641446
0
0.000282326369282891
0.000282326369282891
0
0.000423489553924337
0.000705815923207228
0.00945793337097685
0
0
0.000564652738565782
0
0
0
0
0
0.0134105025409373
0.00183512140033879
0.0392433653303219
0.00734048560135517
0.000846979107848673
0.122388481084133
0.0225861095426313
0.0638057594579334
0.0495482778091474
0
0.000282326369282891
0.000423489553924337
0
0
0.00112930547713156
0
0
0
0
0
0.00479954827780915
0
0.000282326369282891
0.00409373235460192
0.00324675324675325
0.0107284020327499
0.000423489553924337
0.0015527950310559
0
0.000282326369282891
0
0
0
0
0
0
0.00268210050818746
