0.000430786904078116
0
0.0027283170591614
0.00172314761631246
0.00157955198161976
0.0203905801263642
0.0264215967834578
0.00114876507754164
0.000287191269385411
0
0.000287191269385411
0.00157955198161976
0.00100516944284894
0
0
0
0.0152211372774268
0.000574382538770821
0.0381964388282596
0
0.000287191269385411
0
0.000287191269385411
0.00244112578977599
0.000430786904078116
0.00157955198161976
0.000287191269385411
0.00229753015508329
0
0.0373348650201034
0
0
0.000574382538770821
0.000574382538770821
0
0.000143595634692705
0.000861573808156232
0.000717978173463527
0.000143595634692705
0.000287191269385411
0
0
0.000574382538770821
0.000717978173463527
0
0.000574382538770821
0.00689259046524986
0.000574382538770821
0
0
0.000143595634692705
0.00201033888569787
0
0.00143595634692705
0.000430786904078116
0.00244112578977599
0.000717978173463527
0.000143595634692705
0.000143595634692705
0.000574382538770821
0
0.000861573808156232
0.0149339460080414
0.00473865594485928
0
0.00631820792647904
0
0
0.000574382538770821
0
0.000717978173463527
0.000287191269385411
0.00287191269385411
0.028288340034463
0
0.00114876507754164
0
0
0
0
0.00129236071223435
0
0.0053130384836301
0.000143595634692705
0
0
0
0
0.00114876507754164
0
0.000430786904078116
0.00402067777139575
0.000143595634692705
0
0.0142159678345778
0.00114876507754164
0.0663411832280299
0.000574382538770821
0.0636128661688685
0.0715106260769673
0.00244112578977599
0.00100516944284894
0.028288340034463
0.0733773693279724
0.00129236071223435
0.000287191269385411
0.000143595634692705
0
0
0
0.00574382538770821
0.0743825387708214
0.00746697300402068
0.0212521539345204
0
0
0.000287191269385411
0.000143595634692705
0.000143595634692705
0
0
0.000287191269385411
0
0.000143595634692705
0
0
0
0.000143595634692705
0
0.000143595634692705
0.000287191269385411
0.00157955198161976
0
0.000717978173463527
0.000143595634692705
0
0.0152211372774268
0.0129236071223435
0.000861573808156232
0.00387708213670304
0
0
0
0
0.000287191269385411
0.00746697300402068
0.00172314761631246
0.00215393452039058
0
0
0
0.000143595634692705
0
0
0
0.000287191269385411
0.00114876507754164
0.117748420448018
0.0127800114876508
0
0.00129236071223435
0.00646180356117174
0.00287191269385411
0.000143595634692705
0
0.000143595634692705
0
0
0
0.000143595634692705
0
0
0.000143595634692705
0
0.000574382538770821
0.000717978173463527
0.00201033888569787
0
0
0.000143595634692705
0
0.000143595634692705
0.000430786904078116
0.000287191269385411
0.000574382538770821
0
0
0.0254164273406088
0.0288627225732338
0.000430786904078116
0.00315910396323952
0.00114876507754164
0.00215393452039058
0.0100516944284894
0.0143595634692705
0
0.000574382538770821
0
0
0.000574382538770821
0
0
0.000143595634692705
0
0.00100516944284894
0.000143595634692705
0.000430786904078116
0
0
0.00875933371625503
0.000574382538770821
0.00832854681217691
0.000574382538770821
0
0
0
0.000143595634692705
0
0
0
0.000143595634692705
0
0
