0.0026242667489966
0
0.00972522383451683
0.000463105896881754
0.00185242358752701
0.00818153751157765
0.0060203766594628
0.000463105896881754
0
0
0
0
0
0
0.000154368632293918
0
0.000771843161469589
0.00154368632293918
0.090151281259648
0
0.0016980549552331
0.000771843161469589
0.0104970669959864
0.00138931769064526
0.00385921580734795
0.00416795307193578
0.000308737264587836
0
0.0317999382525471
0.0101883297313986
0.00447669033652362
0.000154368632293918
0
0
0
0
0
0
0
0
0
0
0
0.00293300401358444
0
0
0.000154368632293918
0
0.00138931769064526
0
0
0.000771843161469589
0.000154368632293918
0.00246989811670269
0.000308737264587836
0.000154368632293918
0
0.000154368632293918
0.000771843161469589
0.0016980549552331
0
0
0
0.0328805186786045
0.000308737264587836
0.0069465884532263
0
0
0
0
0
0.00277863538129052
0.00123494905835134
0.071472676752084
0
0
0.0016980549552331
0.000154368632293918
0
0
0
0.0109601728928682
0.000308737264587836
0.00123494905835134
0.000154368632293918
0
0
0.000771843161469589
0.000771843161469589
0.000771843161469589
0.000771843161469589
0.00771843161469589
0.0236184007409694
0.0285581969743748
0.0086446434084594
0.00571163939487496
0.0239271380055573
0.000154368632293918
0.000154368632293918
0
0
0
0
0
0.000617474529175672
0.00123494905835134
0.00447669033652362
0.0100339610991047
0
0.000771843161469589
0.0214572398888546
0.000154368632293918
0
0
0
0
0
0
0
0
0
0
0
0.000308737264587836
0
0
0
0
0
0
0.000463105896881754
0.0493979623340537
0.0016980549552331
0.0117320160543378
0.000463105896881754
0.00200679221982093
0.141556035813523
0.052639703612226
0.01497375733251
0.00555727076258104
0
0.00324174127817228
0.000154368632293918
0
0
0
0
0
0
0
0.000308737264587836
0.000154368632293918
0
0
0.000154368632293918
0.000154368632293918
0.00879901204075332
0.0114232787897499
0.00401358443964186
0
0.0280950910774931
0.00463105896881754
0.0026242667489966
0.00123494905835134
0
0
0
0
0
0
0
0
0
0.000771843161469589
0
0.00138931769064526
0.0016980549552331
0
0
0
0
0
0
0
0
0
0.000617474529175672
0.0213028712565607
0.00478542760111145
0.00571163939487496
0.00679221982093239
0.0121951219512195
0.00138931769064526
0.0117320160543378
0.00833590614387156
0
0
0
0.000154368632293918
0.00154368632293918
0.000617474529175672
0.000154368632293918
0
0.000308737264587836
0
0.000308737264587836
0.00679221982093239
0
0
0.000771843161469589
0.00524853349799321
0.0649891941957394
0.000617474529175672
0
0
0
0
0
0
0
0
0
0
