0.00153247671814217
0
0.00200400801603206
0.00271130496286691
0.000353648473417423
0.00165035954261464
0.00400801603206413
0.000353648473417423
0
0
0
0
0
0
0
0
0.000117882824472474
0
0.0162678297772015
0.000235765648944949
0.000117882824472474
0
0.000471531297889897
0.00212189084050454
0.0196864316869032
0
0
0
0.218554756571967
0
0.000943062595779795
0
0
0
0
0
0
0
0
0
0
0
0
0
0.000235765648944949
0
0
0
0
0
0
0
0
0.000943062595779795
0
0
0
0
0.000117882824472474
0
0.000471531297889897
0
0
0.000943062595779795
0
0.00176824236708712
0
0
0
0
0
0.000353648473417423
0
0.0258163385594719
0
0
0
0.015914181303784
0.000235765648944949
0
0
0.000117882824472474
0.0223977366497701
0
0
0.0045974301544265
0
0.00778026641518331
0
0.0347754332193799
0
0
0.0239302133679123
0.221973358481669
0.000117882824472474
0.0559943416244253
0.000235765648944949
0
0
0
0
0
0
0
0.000117882824472474
0.00129671106919722
0
0.00200400801603206
0.0168572438995638
0.00365436755864671
0
0
0
0
0.0260521042084168
0
0
0
0
0
0
0
0
0.000353648473417423
0
0
0
0
0
0.00141459389366969
0.00106094542025227
0.000471531297889897
0
0.0254626900860545
0
0
0.000589414122362372
0.0130849935164447
0.000589414122362372
0.00271130496286691
0
0
0
0
0
0
0
0
0
0
0
0
0.000353648473417423
0.000353648473417423
0
0.000353648473417423
0.00801603206412826
0.0297064717670635
0
0
0.00353648473417423
0
0.00141459389366969
0.00153247671814217
0
0
0
0
0
0
0
0
0
0
0
0
0.000235765648944949
0
0
0.000117882824472474
0
0
0
0
0
0
0
0.000353648473417423
0.000235765648944949
0
0
0.000707296946834846
0.00330071908522928
0.0571731698691501
0.0996109866792408
0
0.000117882824472474
0
0
0.000353648473417423
0
0
0
0
0
0.000235765648944949
0.00141459389366969
0
0.000117882824472474
0
0
0
0
0
0
0
0
0
0
0
0
0
0
