0.00179969405201116
0.00044992351300279
0.00647889858724017
0.00368937280662287
0.000179969405201116
0.000809862323405021
0.00125978583640781
0.000179969405201116
0
0
8.99847026005579e-05
0
0
0
0
0
8.99847026005579e-05
0
0.00404931161702511
0
8.99847026005579e-05
0
0.0284351660217763
8.99847026005579e-05
0
0.0263655178619635
0
8.99847026005579e-05
0.203815351390264
0.000899847026005579
0.0163772158733015
8.99847026005579e-05
0
0
0
0
0
0
0
0
0
0.000269954107801674
0
0.000539908215603347
0.000179969405201116
0
0
0
0
0
0
0.00107981643120669
0
8.99847026005579e-05
0
0
0
0
0
0
0.00665886799244129
0
0.000179969405201116
0.000899847026005579
0.000179969405201116
0.00125978583640781
8.99847026005579e-05
0
0
0
0
0
0.00332943399622064
0.0181769099253127
0
0
0
0.000719877620804463
0
0
0.00134977053900837
0
8.99847026005579e-05
0
0
0
0
8.99847026005579e-05
0.0430126878430667
0.00125978583640781
0.000809862323405021
0.00125978583640781
8.99847026005579e-05
0.203905336092864
0
0.000179969405201116
0.00332943399622064
0
0
0
0
0
0.000539908215603347
0
8.99847026005579e-05
0.00125978583640781
0.000269954107801674
0.0260955637541618
0.000629892918203905
0.000269954107801674
0
0
0
0.000269954107801674
0
0
0
0
0
0
8.99847026005579e-05
0
0
0.000539908215603347
0
0
0
0
0
0.00044992351300279
0.000359938810402232
0.000539908215603347
0
0.00881850085485467
8.99847026005579e-05
0.000629892918203905
0.000989831728606137
0.0126878430666787
0.00323944929362008
0.000989831728606137
0
0
0
0
0.000179969405201116
0
8.99847026005579e-05
0
0
0
0.000179969405201116
0
0
8.99847026005579e-05
0
0.000629892918203905
0.00593899037163682
0.00494915864303068
0.000179969405201116
0
0.000899847026005579
8.99847026005579e-05
0.000629892918203905
0.00152973994420948
0
0
0
0
0
0
0
0
0.000269954107801674
0
0
0.000359938810402232
8.99847026005579e-05
0
0
8.99847026005579e-05
0.000179969405201116
0
0
0
0
0
0.0115180419328714
0.000719877620804463
0.000359938810402232
0.00260955637541618
0.000809862323405021
0.00197966345721227
0.00404931161702511
0.0344641410960137
0.27094393953028
0
0
0
0
0.000899847026005579
0
0
0
0.000179969405201116
0
8.99847026005579e-05
0.00107981643120669
0
0
0.000179969405201116
0.000269954107801674
0
0.0017097093494106
0
0
0.000179969405201116
0
0
0
0
0
0
0.00611895977683794
