0.00172537742631201
0.000287562904385334
0.00416966211358735
0.00244428468727534
0.000287562904385334
0.00172537742631201
0.00733285406182602
0.00244428468727534
0.00330697340043134
0
0.000143781452192667
0.00143781452192667
0.00100647016534867
0
0
0
0.00115025161754134
0
0.0143781452192667
0
0.000287562904385334
0
0.000431344356578001
0.00416966211358735
0.0263120057512581
0.00589503953989935
0.000431344356578001
0.00618260244428469
0.0464414090582315
0.0139468008626887
0
0.00287562904385334
0
0
0.000718907260963336
0.000718907260963336
0
0.00230050323508267
0.00115025161754134
0.000862688713156003
0.000143781452192667
0.00460100647016535
0.000718907260963336
0.000575125808770669
0
0.000287562904385334
0.000287562904385334
0.000287562904385334
0.00143781452192667
0.000287562904385334
0.000718907260963336
0.000862688713156003
0.000143781452192667
0.00359453630481668
0
0.000431344356578001
0.000287562904385334
0
0.000143781452192667
0.000143781452192667
0.000143781452192667
0.000287562904385334
0
0.00805176132278936
0.000287562904385334
0.00158159597411934
0.000575125808770669
0.000718907260963336
0.000287562904385334
0.000287562904385334
0
0
0.000287562904385334
0.0526240115025162
0.0616822429906542
0
0.001294033069734
0.000287562904385334
0.000143781452192667
0.00273184759166068
0
0.00115025161754134
0.0303378864126528
0
0
0.00172537742631201
0
0.000287562904385334
0.00330697340043134
0.000143781452192667
0.000718907260963336
0.00934579439252336
0.00215672178289001
0.0560747663551402
0.000718907260963336
0.0349388928828181
0.0350826743350108
0
0.000431344356578001
0.000287562904385334
0
0.000143781452192667
0.000287562904385334
0.000718907260963336
0.000143781452192667
0.000287562904385334
0.000718907260963336
0.000143781452192667
0.000287562904385334
0.000143781452192667
0.140043134435658
0.0189791516894321
0
0.000431344356578001
0.000431344356578001
0
0
0.00115025161754134
0.000575125808770669
0.000431344356578001
0.000143781452192667
0
0
0.000431344356578001
0
0
0
0.000431344356578001
0.000431344356578001
0.000143781452192667
0.000287562904385334
0
0
0.000431344356578001
0.000718907260963336
0.000862688713156003
0.00215672178289001
0.0411214953271028
0.00603882099209202
0.00416966211358735
0.000143781452192667
0.000287562904385334
0.000143781452192667
0.000143781452192667
0.000143781452192667
0.000143781452192667
0.00100647016534867
0.00186915887850467
0.0861250898634076
0.00201294033069734
0.000143781452192667
0
0
0.000287562904385334
0
0.000143781452192667
0.000431344356578001
0.00287562904385334
0.00186915887850467
0.000143781452192667
0.00186915887850467
0.000575125808770669
0.00158159597411934
0.00115025161754134
0.000143781452192667
0.00143781452192667
0
0
0
0
0
0.000143781452192667
0.000143781452192667
0
0
0.000143781452192667
0.000431344356578001
0
0.000143781452192667
0.000143781452192667
0.00301941049604601
0.000862688713156003
0.00172537742631201
0.000718907260963336
0.00416966211358735
0.000143781452192667
0.0332135154565061
0.00316319194823868
0.0258806613946801
0.00373831775700935
0.000862688713156003
0.00460100647016535
0.00287562904385334
0.0171099928109274
0.0231488138030194
0.000143781452192667
0.000287562904385334
0
0
0.000143781452192667
0.000431344356578001
0
0.00273184759166068
0
0.0171099928109274
0
0.00143781452192667
0
0
0.000862688713156003
0.000718907260963336
0.01078360891445
0.00100647016534867
0
0
0
0.00790797987059669
0.00100647016534867
0
0.00100647016534867
0.00431344356578001
0.000143781452192667
0.00143781452192667
