0.00712576719026319
0
0.0221574950587746
0.0148756891709144
0.000312077395194008
0.00733381878705919
0.00197649016956205
0.000104025798398003
5.20128991990014e-05
0
0
0.000364090294393009
0.000156038697597004
0
0
0
0.000260064495995007
0.000936232185582024
0.0131592634973473
0
0.00104025798398003
0.000988245084781026
0.00078019348798502
0.000104025798398003
0.000208051596796005
0.00140434827837304
0
0
0.0869135545615313
0.000468116092791012
0.000104025798398003
0.00145636117757204
5.20128991990014e-05
0.000156038697597004
0
0
5.20128991990014e-05
5.20128991990014e-05
0
0
0
0
0
0.000520128991990013
5.20128991990014e-05
0
0.000156038697597004
5.20128991990014e-05
0.00291272235514408
0
0.000364090294393009
0
0
0.000624154790388016
5.20128991990014e-05
0
0
0.000156038697597004
0.000572141891189015
0.00161239987516904
0.00452512223031312
0
0
0.00691771559346718
5.20128991990014e-05
0.000988245084781026
0.000156038697597004
0
0
0
0.000156038697597004
0.000676167689587018
0.00036409029439301
0.0276708623738687
0
0
0
0.000208051596796005
0
0.000208051596796005
0.000260064495995007
0
0.000156038697597004
5.20128991990014e-05
0
5.20128991990014e-05
0
0
0.00156038697597004
0.000312077395194008
0.00202850306876105
0.000468116092791012
0.00119629668157703
0.0885259544367003
0.00114428378237803
0.000156038697597004
0.00114428378237803
5.20128991990014e-05
0.000572141891189015
0.000832206387184022
5.20128991990014e-05
0.000364090294393009
0.00114428378237803
0.000624154790388016
0.000468116092791012
0.000260064495995007
5.20128991990014e-05
0.000520128991990013
0.000260064495995007
0
0.00192447727036305
0.00036409029439301
0
0.000572141891189015
0.00156038697597004
0
0
5.20128991990014e-05
0
0.000156038697597004
0.000208051596796005
5.20128991990014e-05
0
0.000104025798398003
5.20128991990014e-05
0.000156038697597004
5.20128991990014e-05
0
0
0.000312077395194008
0.000624154790388016
0.0040049932383231
0.000832206387184022
0.0038489545407261
0.000208051596796005
0.000156038697597004
0.000156038697597004
0.00561739311349215
0.0139394569853324
0.00119629668157703
0.000104025798398003
0
0.000104025798398003
5.20128991990014e-05
0
0.000572141891189015
0.000312077395194008
0.000728180588786019
0.000520128991990013
0.000208051596796005
0.000104025798398003
0
0
0.000208051596796005
0
0.000624154790388016
0.000572141891189015
0.00348486424633309
0.000156038697597004
0
0.038073442213669
5.20128991990014e-05
0.000156038697597004
0.000832206387184022
0
0
0
0
0
0
0
0
0
5.20128991990014e-05
0.0889940705294913
0.000416103193592011
0.000312077395194008
0.315978362633933
0
0.000208051596796005
5.20128991990014e-05
0
5.20128991990014e-05
0
0.000104025798398003
0
0.00197649016956205
0.000676167689587018
0.000936232185582024
0.000416103193592011
0.00156038697597004
0.0204930822844065
0.00124830958077603
0.00962238635181525
0.0135753666909394
0
0.000156038697597004
0
0
0.00124830958077603
5.20128991990014e-05
5.20128991990014e-05
0
0
0
0.000156038697597004
0.0102985540414023
0
0
0.000676167689587018
0.000208051596796005
0.00254863206075107
0.00213252886715906
0
0.000208051596796005
0
0.119317590762509
0
0
0
0
0
0.000520128991990013
