0.000408163265306122
0
0.00244897959183673
0.000408163265306122
0
0.000714285714285714
0.000816326530612245
0.000816326530612245
0
0
0
0
0
0
0
0
0.000306122448979592
0.000204081632653061
0.048265306122449
0
0.000510204081632653
0.000510204081632653
0.00693877551020408
0
0.00102040816326531
0.00244897959183673
0.000612244897959184
0
0
0.0361224489795918
0.00418367346938775
0
0
0
0
0
0
0
0
0
0
0.000204081632653061
0
0.00846938775510204
0
0
0
0
0
0
0
0.0238775510204082
0
0.016734693877551
0.00153061224489796
0.000204081632653061
0
0.000204081632653061
0
0.00102040816326531
0.0488775510204082
0
0.000816326530612245
0.00561224489795918
0
0.00755102040816327
0
0
0
0
0
0.000612244897959184
0.00551020408163265
0.0612244897959184
0
0
0
0
0.0755102040816327
0
0.00224489795918367
0
0.000204081632653061
0.000102040816326531
0
0.000102040816326531
0.000102040816326531
0
0.00142857142857143
0
0.000102040816326531
0.0242857142857143
0.0675510204081633
0
0.000204081632653061
0.013469387755102
0.12
0
0
0
0
0
0.00193877551020408
0
0
0.000204081632653061
0.000102040816326531
0.00959183673469388
0
0.000306122448979592
0.144387755102041
0
0
0.00102040816326531
0.031734693877551
0
0
0
0
0
0
0
0
0.000102040816326531
0.000204081632653061
0.000306122448979592
0
0
0
0.000612244897959184
0
0.000714285714285714
0.000102040816326531
0.00193877551020408
0
0
0.00112244897959184
0.00316326530612245
0.00316326530612245
0.00122448979591837
0
0
0
0
0
0.00540816326530612
0
0
0.000714285714285714
0
0
0.000204081632653061
0
0.000102040816326531
0
0.000918367346938776
0.00112244897959184
0.0023469387755102
0.000816326530612245
0
0.0086734693877551
0
0.000408163265306122
0.00193877551020408
0
0
0
0
0
0
0
0
0.000102040816326531
0
0
0.000102040816326531
0.00102040816326531
0.0478571428571429
0
0
0.000714285714285714
0
0
0
0
0
0.0244897959183673
0.000816326530612245
0.0283673469387755
0.00561224489795918
0.000306122448979592
0.00275510204081633
0.0036734693877551
0.0158163265306122
0.0276530612244898
0
0
0
0
0.000204081632653061
0
0
0
0.000102040816326531
0
0
0.000612244897959184
0
0
0.00183673469387755
0.000612244897959184
0.0147959183673469
0
0
0
0
0
0
0
0
0
0
0.00295918367346939
