0.00353130016051364
0
0
0.00256821829855538
0.000963081861958266
0.0028892455858748
0.00823970037453184
0.0023542001070091
0
0
0
0
0
0
0.000214018191546281
0
0
0.000321027287319422
0.0204387372926699
0
0.000107009095773141
0
0.000107009095773141
0.0193686463349385
0.0023542001070091
0
0
0.0629213483146067
0.134403424291065
0
0.000428036383092563
0.00406634563937935
0
0
0
0.000107009095773141
0
0
0
0
0
0
0
0
0
0
0
0.000214018191546281
0.00171214553237025
0.00107009095773141
0.000535045478865704
0.000428036383092563
0
0
0
0
0
0
0
0.000107009095773141
0.0236490101658641
0
0
0.000535045478865704
0
0.000963081861958266
0
0
0.000107009095773141
0
0
0
0.000107009095773141
0.01669341894061
0
0.000107009095773141
0.000428036383092563
0.000107009095773141
0.000214018191546281
0.00877474585339754
0.00107009095773141
0.000642054574638844
0.0431246655965757
0
0.000321027287319422
0
0.000214018191546281
0.000321027287319422
0
0.000642054574638844
0.000535045478865704
0
0.0214018191546281
0.139218833600856
0.0515783841626538
0.00267522739432852
0.000107009095773141
0
0
0
0
0
0
0
0.000535045478865704
0.000963081861958266
0
0.000107009095773141
0.000107009095773141
0.000428036383092563
0.0637774210807919
0
0
0
0
0.000107009095773141
0.000214018191546281
0
0
0
0.000107009095773141
0
0
0
0
0
0
0
0
0.000321027287319422
0.00171214553237025
0.000749063670411985
0
0.00353130016051364
0
0.000321027287319422
0.00171214553237025
0.0278223649010166
0.0034242910647405
0.00139111824505083
0
0
0.000214018191546281
0.000321027287319422
0.000321027287319422
0.00428036383092563
0
0
0.000107009095773141
0.000214018191546281
0.000428036383092563
0
0.000321027287319422
0
0
0
0.00139111824505083
0.0110219368646335
0.000214018191546281
0
0.000107009095773141
0
0.000428036383092563
0.000642054574638844
0.000856072766185126
0
0
0
0
0
0
0
0
0
0
0.00117710005350455
0.000107009095773141
0.000214018191546281
0
0
0
0
0.000107009095773141
0
0.000535045478865704
0
0.0143392188336009
0.00310326377742108
0.0408774745853398
0.000321027287319422
0.000642054574638844
0.000321027287319422
0.000321027287319422
0.00834670947030498
0.0528624933119315
0.000107009095773141
0.000535045478865704
0
0.000107009095773141
0.000535045478865704
0
0
0
0
0
0
0.000107009095773141
0
0
0.000107009095773141
0.0023542001070091
0.0289994649545211
0
0
0
0
0.0747993579454254
0.0086677367576244
0.000749063670411985
0.00278223649010166
0
0
0.00417335473515249
